start
111111111111111111111111111111111111111111111111111111111111111111111111111111111
122210000002222222200000100000001002220010000000000000000000100000000000100000001
100211111002111110201111100011111002120010001111111111111000100010001000100010001
100210022222100010221000000000000002120010000000100000001000100010001000000010001
100210021111100010021111111111111002122011111000100010001000100010001111111111111
100222221000000000022222222222222222102222001000100010000000100010000000100000001
111111111000100011111111111111111111100012001000100011111111111111111000100010001
100000001000100000001000000010000000000012222220100010000000100000001000100010001
100010001000111110001000100010001111111111111020100010001000111110001000100010001
100010000000100000001000100010000000100000001020100010001000000000001000000010001
100011111111100011111111100011111111100010001020111110001111111111111111111110001
100010000000100000000000000010000000000010001022220010000000000010022222220010001
100010001111100011111111111110001111111110001111120011111111100010021111120010001
100010000000000010001000000000001000000010000000122222222222220010021002220010001
100011111111100010001000111111111111100011111000111111111111120010021002111110001
100000001000000000001000100000000000000000001000000000000000122222221002222222001
111110001000111111111000100011111000111111111111111111111000111111111111111112001
100010001000000000001000100010001000000000001000000000001000100010000002222222001
100010001000111110001000111110001111111110001000100011111111100010001002111111111
100000001000000010001000000000001000000010000000100000000000100000001002222222001
100010001111111110001000111111111000111110001111111111111000100011111111111112001
100010001000000000001000000010001000000000001002222200000000100000000000100222001
100011111000111111111111100010001111111111111002100211111111111110001111100211111
100010001000000000000000000010022222222222222222100210022222100000001002222210001
100010001111100011111111111110021111111111111111100210021002111111111002111110001
100000001000000010000000100222221000000000001000000210021002100222221002220010001
111111111000111110001000100211111000100011111000100210021002100210021111120010001
100000001000100000001000100222221000100010000000100222221002222210022222220010001
111110001111100010001111111110021111100010001111111111111111111111111111100010001
100000001000000010001000000010022200100000001000000000000000000000000000100000001
100011111000100011111000100011111200100011111111111111111111111111111000111110001
100000001000100000000000100010022200100010022222220010022222100010000000000010001
100010001000111111111111100010021111100010021111122210021002100010001111111110001
100010000000100000000000100010021000000010021000100222221002100010000000000000001
100011111111100011111111100010021111111110021000111111111002100011111111111111111
100010000000000000000000100010022222222222221000000000001002222210000002220010001
100010001111111111111000100011111111111111111000111111111111100211111002122010001
100010001000000010000000100010000000000010000000000010000000100222221002102222001
100011111000100010001000100010001000111110001111100010001000111110021002111112201
100000000000100000001000100000001000000000000000100000001000000000022222100000201
111111111111111111111111111111111111111111111111111111111111111111111111111111111
end
